Wall time,Step,Value
1500778296.413421,0,0.1511022299528122
1500778296.5540442,1,0.18156492710113525
1500778296.6634202,2,0.28040212392807007
1500778296.772795,3,0.29475533962249756
1500778296.8665454,4,0.2990552484989166
1500778296.9759269,5,0.30026647448539734
1500778297.1009243,6,0.3009932339191437
1500778297.2102988,7,0.3029312193393707
1500778297.3352954,8,0.30662548542022705
1500778297.4446702,9,0.3034762740135193
1500778297.5540466,10,0.30008479952812195
1500778297.6634214,11,0.301901638507843
1500778297.7727962,12,0.30813953280448914
1500778297.8977962,13,0.3138323724269867
1500778298.0071707,14,0.31698161363601685
1500778298.100922,15,0.32061532139778137
1500778298.2102973,16,0.32225048542022705
1500778298.3352973,17,0.32231104373931885
1500778298.4446747,18,0.32334059476852417
1500778298.5384223,19,0.3227955400943756
1500778298.6477976,20,0.3202519416809082
1500778298.757172,21,0.31698161363601685
1500778298.8821726,22,0.32097870111465454
1500778298.975923,23,0.3212814927101135
1500778299.0852978,24,0.31952518224716187
1500778299.1946747,25,0.3240673542022705
1500778299.288427,26,0.3252180218696594
1500778299.3978024,27,0.3283672630786896
1500778299.4915495,28,0.3292756974697113
1500778299.600924,29,0.33115309476852417
1500778299.7102988,30,0.330910861492157
1500778299.819674,31,0.3317587077617645
1500778299.913424,32,0.33151647448539734
1500778300.0228002,33,0.33508962392807007
1500778300.1321745,34,0.3358163833618164
1500778300.2286005,35,0.3369064927101135
1500778300.3379817,36,0.33406007289886475
1500778300.4473538,37,0.3335150182247162
1500778300.5411043,38,0.3344840109348297
1500778300.6504762,39,0.3370881974697113
1500778300.7911022,40,0.3374515473842621
1500778300.8848512,41,0.3375121057033539
1500778300.9942334,42,0.3395712375640869
1500778301.1036024,43,0.3397529125213623
1500778301.2129805,44,0.3386628031730652
1500778301.3223531,45,0.338602215051651
1500778301.4473512,46,0.3388444781303406
1500778301.5411024,47,0.3382388651371002
1500778301.6661024,48,0.3387839198112488
1500778301.7598526,49,0.34169089794158936
1500778301.8848538,50,0.3410246968269348
1500778301.9786036,51,0.3407824635505676
1500778302.0879786,52,0.34181201457977295
1500778302.1973538,53,0.3427204489707947
1500778302.3067305,54,0.3422359526157379
1500778302.4161046,55,0.3447189927101135
1500778302.5098581,56,0.3467175364494324
1500778302.619229,57,0.3459908068180084
1500778302.7286038,58,0.3425387740135193
1500778302.8223548,59,0.3401162922382355
1500778302.9473555,60,0.3382388651371002
1500778303.0411057,61,0.3373304307460785
1500778303.1504803,62,0.3384810984134674
1500778303.259855,63,0.3398740291595459
1500778303.36923,64,0.34375
1500778303.4629827,65,0.34823158383369446
1500778303.572355,66,0.3501695692539215
1500778303.681731,67,0.35083574056625366
1500778303.7911112,68,0.3516230583190918
1500778303.8848622,69,0.3515625
1500778303.994231,70,0.354045569896698
1500778304.103609,71,0.35368216037750244
1500778304.2129824,72,0.35101744532585144
1500778304.3223557,73,0.3503512740135193
1500778304.4317312,74,0.35113856196403503
1500778304.5254848,75,0.35089632868766785
1500778304.634858,76,0.3515019416809082
1500778304.7442324,77,0.3513202369213104
1500778304.8379877,78,0.3529554307460785
1500778304.9473572,79,0.35210755467414856
1500778305.0567324,80,0.34986674785614014
1500778305.1675663,81,0.3486555218696594
1500778305.2769477,82,0.3475654125213623
1500778305.386322,83,0.34956395626068115
1500778305.4956932,84,0.3513808250427246
1500778305.605067,85,0.35216811299324036
1500778305.698817,86,0.3532582223415375
1500778305.8081918,87,0.3540455400943756
1500778305.9175673,88,0.35483285784721375
1500778306.0269418,89,0.35362160205841064
1500778306.1363173,90,0.35616523027420044
1500778306.245692,91,0.3577398359775543
1500778306.3394425,92,0.359375
1500778306.4488184,93,0.35985949635505676
1500778306.558198,94,0.3596172630786896
1500778306.6675735,95,0.36149469017982483
1500778306.776944,96,0.3582848906517029
1500778306.8706934,97,0.3554990291595459
1500778306.9800687,98,0.35507509112358093
1500778307.0894434,99,0.3569525182247162
1500778307.2144437,100,0.3554384708404541
1500778307.323825,101,0.3552567958831787
1500778307.4331932,102,0.35616523027420044
1500778307.542571,103,0.3578609824180603
1500778307.6675684,104,0.35895106196403503
1500778307.7613258,105,0.3609496057033539
1500778307.8706944,106,0.36101019382476807
1500778307.9800699,107,0.3606468141078949
1500778308.10507,108,0.36125242710113525
1500778308.1988242,109,0.36131298542022705
1500778308.3238206,110,0.3619791567325592
1500778308.4331954,111,0.36379602551460266
1500778308.5425768,112,0.3634932339191437
1500778308.6675706,113,0.36276647448539734
1500778308.7613204,114,0.3622819781303406
1500778308.8707006,115,0.3619791865348816
1500778308.995695,116,0.361736923456192
1500778309.0894473,117,0.3621003031730652
1500778309.1988227,118,0.3628876209259033
1500778309.3081973,119,0.36397773027420044
1500778309.401946,120,0.3646439015865326
1500778309.5113218,121,0.3650072515010834
1500778309.620697,122,0.3647044599056244
1500778309.714448,123,0.3671269416809082
1500778309.8238235,124,0.3685804307460785
1500778309.948828,125,0.36809593439102173
1500778310.0425746,126,0.3673692047595978
1500778310.154724,127,0.36809593439102173
1500778310.248474,128,0.36779314279556274
1500778310.3578546,129,0.3671269416809082
1500778310.467224,130,0.3669452667236328
1500778310.5765991,131,0.3683987557888031
1500778310.7015991,132,0.3686409890651703
1500778310.8109736,133,0.3710029125213623
1500778310.904725,134,0.37191134691238403
1500778311.0140996,135,0.37281978130340576
1500778311.1234746,136,0.3734253942966461
1500778311.2328496,137,0.374697208404541
1500778311.342225,138,0.37536337971687317
1500778311.4515991,139,0.37923935055732727
1500778311.5609746,140,0.3799661099910736
1500778311.6547306,141,0.38196465373039246
1500778311.7640998,142,0.3774830400943756
1500778311.8734753,143,0.37421268224716187
1500778311.9828506,144,0.37045785784721375
1500778312.0766017,145,0.37269866466522217
1500778312.1859758,146,0.37306201457977295
1500778312.2953508,147,0.37427327036857605
1500778312.404726,148,0.374697208404541
1500778312.514101,149,0.37657463550567627
1500778312.6234765,150,0.3764534890651703
1500778312.717232,151,0.3765140473842621
1500778312.826603,152,0.3799055218696594
1500778312.9359775,153,0.3810562193393707
1500778313.0297291,154,0.3802083432674408
1500778313.1391008,155,0.3800872266292572
1500778313.2641013,156,0.38099566102027893
1500778313.357856,157,0.38075339794158936
1500778313.4672287,158,0.3799660801887512
1500778313.5766034,159,0.3802083432674408
1500778313.685978,160,0.3786337375640869
1500778313.8109777,161,0.3790576756000519
1500778313.9047308,162,0.38063228130340576
1500778314.0297294,163,0.3788759708404541
1500778314.1234846,164,0.3789365291595459
1500778314.2484777,165,0.37699857354164124
1500778314.357854,166,0.3788154125213623
1500778314.48286,167,0.38093507289886475
1500778314.5766056,168,0.3829336166381836
1500778314.685986,169,0.38596174120903015
1500778314.79536,170,0.3883236348628998
1500778314.9047298,171,0.38632509112358093
1500778315.0141046,172,0.3854166567325592
1500778315.1078553,173,0.3862040042877197
1500778315.21804,174,0.3826913833618164
1500778315.327414,175,0.3840843141078949
1500778315.421164,176,0.3805716931819916
1500778315.530539,177,0.3799055218696594
1500778315.6399148,178,0.3829942047595978
1500778315.7336683,179,0.38329699635505676
1500778315.8430452,180,0.3823885917663574
1500778315.9367907,181,0.3839026391506195
1500778316.061789,182,0.38468992710113525
1500778316.155543,183,0.38608282804489136
1500778316.264915,184,0.3854166865348816
1500778316.37429,185,0.3857800364494324
1500778316.4992907,186,0.38602229952812195
1500778316.6086652,187,0.3827519416809082
1500778316.7180402,188,0.3762718141078949
1500778316.8274155,189,0.37439438700675964
1500778316.9367917,190,0.3737282156944275
1500778317.0461717,191,0.37294089794158936
1500778317.155541,192,0.37463662028312683
1500778317.2649157,193,0.3776647448539734
1500778317.3586676,194,0.3826308250427246
1500778317.4680414,195,0.385477215051651
1500778317.5930414,196,0.3890503942966461
1500778317.7180426,197,0.39123061299324036
1500778317.8117921,198,0.3918968141078949
1500778317.9367924,199,0.39110949635505676
1500778318.0305424,200,0.39098837971687317
1500778318.1399174,201,0.38977715373039246
1500778318.233668,202,0.38753634691238403
1500778318.4055414,203,0.38759690523147583
1500778318.5149176,204,0.3869307339191437
1500778318.6242929,205,0.38832366466522217
1500778318.733668,206,0.3892926573753357
1500778318.827418,207,0.3928658068180084
1500778318.9367936,208,0.39401647448539734
1500778319.046169,209,0.3941376209259033
1500778319.1555436,210,0.3928658068180084
1500778319.2492993,211,0.3928052484989166
1500778319.3586702,212,0.3923207223415375
1500778319.4524195,213,0.3918362259864807
1500778319.561795,214,0.3917151391506195
1500778319.6711721,215,0.3903827667236328
1500778319.7961705,216,0.38983771204948425
1500778319.889922,217,0.3878997266292572
1500778320.0149195,218,0.38874760270118713
1500778320.1242943,219,0.39020106196403503
1500778320.2502506,220,0.39226019382476807
1500778320.3596244,221,0.39232075214385986
1500778320.4533744,222,0.3946826457977295
1500778320.562757,223,0.39274469017982483
1500778320.672126,224,0.3929263651371002
1500778320.7658744,225,0.3916545510292053
1500778320.8908777,226,0.39129117131233215
1500778320.9846268,227,0.39135172963142395
1500778321.0940006,228,0.39110949635505676
1500778321.2033756,229,0.3917756974697113
1500778321.2971272,230,0.39244186878204346
1500778321.422125,231,0.39510658383369446
1500778321.5158753,232,0.40025436878204346
1500778321.6252506,233,0.40176841616630554
1500778321.7346277,234,0.4007388651371002
1500778321.8440013,235,0.4038275480270386
1500778321.9533825,236,0.40273740887641907
1500778322.0471272,237,0.40310078859329224
1500778322.1565044,238,0.4036458432674408
1500778322.2658794,239,0.40007269382476807
1500778322.375258,240,0.4008599817752838
1500778322.4690032,241,0.39922481775283813
1500778322.5783772,242,0.39813467860221863
1500778322.6721277,243,0.3968628942966461
1500778322.7815025,244,0.39880087971687317
1500778322.8908777,245,0.3999515473842621
1500778322.9846292,246,0.4008599817752838
1500778323.0940037,247,0.4052810072898865
1500778323.2033787,248,0.40824854373931885
1500778323.2971308,249,0.40818798542022705
1500778323.4065044,250,0.408611923456192
1500778323.5158794,251,0.4090964198112488
1500778323.6252584,252,0.40933868288993835
1500778323.7190046,253,0.4101865291595459
1500778323.8283799,254,0.41091328859329224
1500778323.92213,255,0.40782463550567627
1500778324.0315046,256,0.4052204489707947
1500778324.140886,257,0.4037064015865326
1500778324.2502546,258,0.40316134691238403
1500778324.3596306,259,0.4044937193393707
1500778324.4690106,260,0.40576550364494324
1500778324.5783799,261,0.4075218141078949
1500778324.67213,262,0.41079217195510864
1500778324.7815065,263,0.41351744532585144
1500778324.9065044,264,0.41612160205841064
1500778325.0471299,265,0.41484981775283813
1500778325.1573362,266,0.4162427484989166
1500778325.251086,267,0.4167878031730652
1500778325.3604605,268,0.41866523027420044
1500778325.48546,269,0.4194525182247162
1500778325.5792158,270,0.4216327667236328
1500778325.7042105,271,0.4201187193393707
1500778325.8135862,272,0.4174540042877197
1500778325.922962,273,0.41497093439102173
1500778326.0167167,274,0.41363856196403503
1500778326.1260922,275,0.4126695692539215
1500778326.2354624,276,0.40958091616630554
1500778326.3448372,277,0.41048935055732727
1500778326.4698398,278,0.4142442047595978
1500778326.5792134,279,0.41830185055732727
1500778326.7042117,280,0.4203003942966461
1500778326.7979686,281,0.42132994532585144
1500778326.9073377,282,0.427022784948349
1500778327.016712,283,0.4258115589618683
1500778327.1104624,284,0.4241158068180084
1500778327.2198386,285,0.42629602551460266
1500778327.3135934,286,0.4253270626068115
1500778327.4229627,287,0.42344963550567627
1500778327.5167127,288,0.4253270626068115
1500778327.6260886,289,0.4241763651371002
1500778327.7354684,290,0.4214510917663574
1500778327.84484,291,0.41836240887641907
1500778327.9542193,292,0.4140019416809082
1500778328.0635886,293,0.4128512740135193
1500778328.1729646,294,0.4129118323326111
1500778328.2823393,295,0.41333577036857605
1500778328.3760893,296,0.41709062457084656
1500778328.485464,297,0.4207848906517029
1500778328.5792158,298,0.4253270626068115
1500778328.7042208,299,0.42635661363601685
1500778328.7979665,300,0.4256298542022705
1500778328.90734,301,0.42768895626068115
1500778329.0167153,302,0.4279312193393707
1500778329.12609,303,0.4259932339191437
1500778329.2198408,304,0.42248061299324036
1500778329.3292165,305,0.421572208404541
1500778329.4542215,306,0.4193919599056244
1500778329.54797,307,0.42120882868766785
1500778329.6573415,308,0.42272287607192993
1500778329.7667186,309,0.4228439927101135
1500778329.8760908,310,0.42272287607192993
1500778329.985466,311,0.42120882868766785
1500778330.0948412,312,0.42096659541130066
1500778330.1855347,313,0.42126938700675964
1500778330.310533,314,0.42132994532585144
1500778330.419908,315,0.41872578859329224
1500778330.5292835,316,0.41836240887641907
1500778330.6386588,317,0.41218507289886475
1500778330.7324119,318,0.40958091616630554
1500778330.857409,319,0.40964147448539734
1500778330.9667828,320,0.41200339794158936
1500778331.0761595,321,0.41497093439102173
1500778331.1699152,322,0.42114827036857605
1500778331.279285,323,0.4282945990562439
1500778331.3730397,324,0.4307776391506195
1500778331.482411,325,0.43035370111465454
1500778331.5917907,326,0.4295058250427246
1500778331.7167845,327,0.43053537607192993
1500778331.8261654,328,0.4295058250427246
1500778331.9355364,329,0.4281734526157379
1500778332.0449123,330,0.4228439927101135
1500778332.1386657,331,0.4208454489707947
1500778332.2636597,332,0.41836240887641907
1500778332.3574178,333,0.41612163186073303
1500778332.466791,334,0.41606104373931885
1500778332.576163,335,0.4169694781303406
1500778332.6855383,336,0.4216327667236328
1500778332.8105364,337,0.42369186878204346
1500778332.9042892,338,0.4232679307460785
1500778333.0136626,339,0.4248425364494324
1500778333.1074126,340,0.4257509708404541
1500778333.2167869,341,0.4267199635505676
1500778333.3261678,342,0.42914244532585144
1500778333.435537,343,0.4297480583190918
1500778333.5449178,344,0.4297480583190918
1500778333.6699145,345,0.42902132868766785
1500778333.794913,346,0.42611435055732727
1500778333.8886697,347,0.42641714215278625
1500778333.9980383,348,0.4281734526157379
1500778334.1230443,349,0.42902132868766785
1500778334.2324142,350,0.4312015473842621
1500778334.3417892,351,0.43295785784721375
1500778334.4511635,352,0.43404796719551086
1500778334.5605388,353,0.4338057339191437
1500778334.6699126,354,0.4321099817752838
1500778334.7949138,355,0.4318677484989166
1500778334.8886676,356,0.4297480881214142
1500778334.9980392,357,0.4281128942966461
1500778335.1074152,358,0.42781010270118713
1500778335.2019095,359,0.42999032139778137
1500778335.326907,360,0.43144381046295166
1500778335.4519088,361,0.4325339198112488
1500778335.5769083,362,0.432170569896698
1500778335.686283,363,0.43017199635505676
1500778335.795659,364,0.4299297630786896
1500778335.8894086,365,0.4322310984134674
1500778336.014408,366,0.43289729952812195
1500778336.1081593,367,0.43259450793266296
1500778336.2175343,368,0.43301841616630554
1500778336.3112845,369,0.4345324635505676
1500778336.4362843,370,0.43320009112358093
1500778336.5300372,371,0.42865797877311707
1500778336.6394117,372,0.4293241500854492
1500778336.733161,373,0.4332001209259033
1500778336.8581624,374,0.43295788764953613
1500778336.967535,375,0.43271559476852417
1500778337.0612879,376,0.4348958432674408
1500778337.1706672,377,0.43677327036857605
1500778337.2644138,378,0.4387718141078949
1500778337.373786,379,0.43822675943374634
1500778337.483161,380,0.43780282139778137
1500778337.6081612,381,0.4372577667236328
1500778337.701913,382,0.4374394416809082
1500778337.8112879,383,0.43404799699783325
1500778337.905039,384,0.4335634708404541
1500778338.0144174,385,0.4333212375640869
1500778338.108163,386,0.4308987557888031
1500778338.2175372,387,0.4310198724269867
1500778338.3269124,388,0.4332606792449951
1500778338.4206634,389,0.434835284948349
1500778338.5456617,390,0.4359859526157379
1500778338.6550379,391,0.4401041567325592
1500778338.7644124,392,0.4389534890651703
1500778338.8737876,393,0.4409520626068115
1500778338.9831626,394,0.44173935055732727
1500778339.0925379,395,0.44482800364494324
1500778339.2175386,396,0.44706881046295166
1500778339.3269134,397,0.44585758447647095
1500778339.436289,398,0.448098361492157
1500778339.5456645,399,0.4468871057033539
1500778339.655039,400,0.44846174120903015
1500778339.7644198,401,0.44688713550567627
1500778339.8894172,402,0.44331395626068115
1500778340.014414,403,0.4416182339191437
1500778340.1081707,404,0.4414365291595459
1500778340.2203586,405,0.44089147448539734
1500778340.3141086,406,0.44343507289886475
1500778340.4234838,407,0.4474927484989166
1500778340.5328593,408,0.44876453280448914
1500778340.6578588,409,0.450460284948349
1500778340.767237,410,0.45469963550567627
1500778340.8922348,411,0.4543968141078949
1500778341.0016162,412,0.45379117131233215
1500778341.110984,413,0.45476019382476807
1500778341.2203653,414,0.45524469017982483
1500778341.3297348,415,0.4541545808315277
1500778341.4234922,416,0.45251938700675964
1500778341.5484853,417,0.4553658068180084
1500778341.6422403,418,0.4566981792449951
1500778341.7516122,419,0.4530038833618164
1500778341.8453648,420,0.45009690523147583
1500778341.9547386,421,0.4487645626068115
1500778342.0641105,422,0.44694769382476807
1500778342.1734867,423,0.4468871057033539
1500778342.2984855,424,0.44488856196403503
1500778342.3922367,425,0.44585758447647095
1500778342.5016115,426,0.45003634691238403
1500778342.5953636,427,0.4502180218696594
1500778342.7203615,428,0.45118701457977295
1500778342.8453622,429,0.45106589794158936
1500778342.9547374,430,0.4503997266292572
1500778343.0641124,431,0.45100533962249756
1500778343.1578627,432,0.44997578859329224
1500778343.2672377,433,0.445433646440506
1500778343.360995,434,0.4453730881214142
1500778343.4703627,435,0.4441618323326111
1500778343.5797386,436,0.4425266683101654
1500778343.689112,437,0.44591814279556274
1500778343.798489,438,0.4467054307460785
1500778343.9234881,439,0.44561532139778137
1500778344.0328703,440,0.44609981775283813
1500778344.157863,441,0.4467054307460785
1500778344.2516134,442,0.44967296719551086
1500778344.3609898,443,0.4502180218696594
1500778344.470364,444,0.45100533962249756
1500778344.5641196,445,0.4503391683101654
1500778344.6734889,446,0.4492490589618683
1500778344.7828648,447,0.44852229952812195
1500778344.8766148,448,0.44585758447647095
1500778344.9859955,449,0.44482800364494324
1500778345.0797396,450,0.4465843141078949
1500778345.1898398,451,0.4505814015865326
1500778345.2992191,452,0.4533672630786896
1500778345.4085896,453,0.45469963550567627
1500778345.502342,454,0.4544573724269867
1500778345.6117148,455,0.455486923456192
1500778345.7210903,456,0.455486923456192
1500778345.8460891,457,0.4543968141078949
1500778345.9554653,458,0.4553658068180084
1500778346.0648425,459,0.4533672630786896
1500778346.174217,460,0.4533672630786896
1500778346.2835898,461,0.4530644714832306
1500778346.4085906,462,0.4508236348628998
1500778346.5179663,463,0.4476138651371002
1500778346.6273413,464,0.44616037607192993
1500778346.7523406,465,0.44694769382476807
1500778346.8460972,466,0.44700825214385986
1500778346.9554677,467,0.44688713550567627
1500778347.049222,468,0.4454942047595978
1500778347.1585925,469,0.44840115308761597
1500778347.2679665,470,0.448098361492157
1500778347.3617227,471,0.44876453280448914
1500778347.471099,472,0.4520954489707947
1500778347.5804667,473,0.45348837971687317
1500778347.7054665,474,0.45227715373039246
1500778347.7992177,475,0.45245882868766785
1500778347.9085932,476,0.4518532156944275
1500778348.0179684,477,0.45476019382476807
1500778348.111723,478,0.4554263651371002
1500778348.221095,479,0.455486923456192
1500778348.330476,480,0.4557291865348816
1500778348.4554682,481,0.4545784890651703
1500778348.5492187,482,0.4530644416809082
1500778348.6585944,483,0.44973352551460266
1500778348.7679691,484,0.4480378031730652
1500778348.8617246,485,0.4488856792449951
1500778348.9867191,486,0.450460284948349
1500778349.0960999,487,0.450460284948349
1500778349.221095,488,0.4543968141078949
1500778349.3148472,489,0.4553658068180084
1500778349.4242194,490,0.45657703280448914
1500778349.5335953,491,0.45645594596862793
1500778349.6585953,492,0.4544573724269867
1500778349.7523458,493,0.45488131046295166
1500778349.8617232,494,0.45476019382476807
1500778349.986721,495,0.455486923456192
1500778350.1117206,496,0.45760661363601685
1500778350.2072196,497,0.45881783962249756
1500778350.3165905,498,0.46008965373039246
1500778350.425972,499,0.4571221172809601
1500778350.5197186,500,0.4520348906517029
1500778350.6290917,501,0.4507025182247162
1500778350.7384665,502,0.45518413186073303
1500778350.8478413,503,0.4545785188674927
1500778350.9415917,504,0.45469963550567627
1500778351.050967,505,0.45754605531692505
1500778351.1603425,506,0.45990797877311707
1500778351.2540991,507,0.46124032139778137
1500778351.3634732,508,0.4609375
1500778351.4728425,509,0.46414729952812195
1500778351.566594,510,0.46578249335289
1500778351.675968,511,0.46802327036857605
1500778351.7697191,512,0.4649346172809601
1500778351.879093,513,0.4650557339191437
1500778351.988469,514,0.4645106792449951
1500778352.0978491,515,0.4619670808315277
1500778352.2072186,516,0.4598473906517029
1500778352.316594,517,0.4591812193393707
1500778352.4103446,518,0.4598473906517029
1500778352.5197196,519,0.46166425943374634
1500778352.613472,520,0.4647529423236847
1500778352.7384706,521,0.4659641683101654
1500778352.8322217,522,0.46693316102027893
1500778352.9572194,523,0.4700218141078949
1500778353.0509694,524,0.47214147448539734
1500778353.1759698,525,0.47432172298431396
1500778353.2697217,526,0.4741400480270386
1500778353.3790963,527,0.46941620111465454
1500778353.4884748,528,0.47050631046295166
1500778353.613472,529,0.46959787607192993
1500778353.722846,530,0.4675993323326111
1500778353.8166022,531,0.46923452615737915
1500778353.9259765,532,0.46941620111465454
1500778354.0353453,533,0.4709302484989166
1500778354.1290977,534,0.46965843439102173
1500778354.238472,535,0.4699612557888031
1500778354.332224,536,0.47165700793266296
1500778354.4572213,537,0.47165700793266296
1500778354.5509744,538,0.471535861492157
1500778354.6603472,539,0.47050634026527405
1500778354.7697234,540,0.46911337971687317
1500778354.8791049,541,0.4685077667236328
1500778354.9884732,542,0.46917396783828735
1500778355.0978472,543,0.47208091616630554
1500778355.1869133,544,0.47153589129447937
1500778355.2962842,545,0.47074854373931885
1500778355.39004,546,0.47304990887641907
1500778355.5150323,547,0.47432172298431396
1500778355.6244075,548,0.47589632868766785
1500778355.7337835,549,0.47541186213493347
1500778355.827535,550,0.4737766683101654
1500778355.9369116,551,0.47329217195510864
1500778356.046287,552,0.47298935055732727
1500778356.1556594,553,0.47335273027420044
1500778356.265037,554,0.47595691680908203
1500778356.3900342,555,0.4754118323326111
1500778356.483785,556,0.4765625298023224
1500778356.5931652,557,0.476683646440506
1500778356.702535,558,0.4775920808315277
1500778356.7962916,559,0.4778948724269867
1500778356.9212852,560,0.4788638949394226
1500778357.0306604,561,0.4791061282157898
1500778357.124411,562,0.4790455400943756
1500778357.233791,563,0.4776526391506195
1500778357.343162,564,0.4791666865348816
1500778357.4369178,565,0.47977229952812195
1500778357.5462863,566,0.47977229952812195
1500778357.6712868,567,0.4792272448539734
1500778357.7806616,568,0.48231589794158936
1500778357.890037,569,0.48201310634613037
1500778357.9994123,570,0.4828004240989685
1500778358.1087935,571,0.48364827036857605
1500778358.233787,572,0.48376938700675964
1500778358.3275392,573,0.48467782139778137
1500778358.4369152,574,0.47959062457084656
1500778358.546287,575,0.4753512740135193
1500778358.6400378,576,0.4726260006427765
1500778358.7494128,577,0.47347384691238403
1500778358.8587892,578,0.4748062193393707
1500778358.9525392,579,0.47601744532585144
1500778359.0619142,580,0.47965118288993835
1500778359.1869137,581,0.4803779125213623
1500778359.2962883,582,0.48249760270118713
1500778359.3900385,583,0.48249760270118713
1500778359.5150425,584,0.48207366466522217
1500778359.6087918,585,0.48110467195510864
1500778359.7337892,586,0.47971174120903015
1500778359.8431704,587,0.478924423456192
1500778359.9525397,588,0.4754723906517029
1500778360.0619156,589,0.47426116466522217
1500778360.1718342,590,0.4726865589618683
1500778360.265589,591,0.47450339794158936
1500778360.374959,592,0.4791061282157898
1500778360.4843388,593,0.4814680516719818
1500778360.5780838,594,0.4829820990562439
1500778360.6874652,595,0.4826187193393707
1500778360.7968364,596,0.48134690523147583
1500778360.8905878,597,0.4788033068180084
1500778361.0155852,598,0.4778343141078949
1500778361.109337,599,0.4761385917663574
1500778361.2187095,600,0.4778949022293091
1500778361.3124666,601,0.479045569896698
1500778361.421835,602,0.4814680516719818
1500778361.53121,603,0.4829820990562439
1500778361.6249604,604,0.48231592774391174
1500778361.7343357,605,0.48352715373039246
1500778361.843711,606,0.48619189858436584
1500778361.9530852,607,0.48776647448539734
1500778362.0468361,608,0.48909884691238403
1500778362.1718364,609,0.4894622266292572
1500778362.2655892,610,0.49109742045402527
1500778362.3749616,611,0.48994672298431396
1500778362.4687173,612,0.4872214198112488
1500778362.5780892,613,0.4852834641933441
1500778362.7030866,614,0.4831637740135193
1500778362.7968411,615,0.4818919599056244
1500778362.9062116,616,0.48243704438209534
1500778363.0155883,617,0.48364830017089844
1500778363.109337,618,0.4842538833618164
1500778363.2187123,619,0.48619186878204346
1500778363.3593414,620,0.4871003031730652
1500778363.4530885,621,0.48752424120903015
1500778363.5780914,622,0.48728200793266296
1500778363.6874652,623,0.4871003031730652
1500778363.7968373,624,0.48988616466522217
1500778363.8905897,625,0.49249032139778137
1500778363.9999647,626,0.4906734526157379
1500778364.1249633,627,0.48903828859329224
1500778364.234339,628,0.48504117131233215
1500778364.3437138,629,0.4794694781303406
1500778364.4530885,630,0.4761991500854492
1500778364.546846,631,0.47595688700675964
1500778364.6562207,632,0.4788033068180084
1500778364.7812152,633,0.47983285784721375
1500778364.8749642,634,0.4842539131641388
1500778364.9843397,635,0.4906128942966461
1500778365.0780904,636,0.49140021204948425
1500778365.1883683,637,0.4904917776584625
1500778365.2977443,638,0.4897650480270386
1500778365.3915017,639,0.4884932339191437
1500778365.5008702,640,0.4894016683101654
1500778365.5946217,641,0.48921999335289
1500778365.7039971,642,0.4906129240989685
1500778365.8133717,643,0.48861435055732727
1500778365.9227457,644,0.48382997512817383
1500778366.016499,645,0.48249760270118713
1500778366.125871,646,0.4789850115776062
1500778366.2352512,647,0.47850048542022705
1500778366.3446195,648,0.4801962375640869
1500778366.4696205,649,0.48104408383369446
1500778366.5633764,650,0.4844355881214142
1500778366.6727476,651,0.48752424120903015
1500778366.7664995,652,0.48861435055732727
1500778366.8914955,653,0.4882509708404541
1500778367.0008717,654,0.49012839794158936
1500778367.1102464,655,0.48891717195510864
1500778367.2039971,656,0.4872214198112488
1500778367.3133721,657,0.4896439015865326
1500778367.4227476,658,0.48891717195510864
1500778367.5321229,659,0.4885537922382355
1500778367.6414988,660,0.4866763651371002
1500778367.7352479,661,0.4895833432674408
1500778367.8446224,662,0.4892199635505676
1500778367.953998,663,0.4878270626068115
1500778368.0477538,664,0.48619189858436584
1500778368.1571236,665,0.48607075214385986
1500778368.250873,666,0.489522784948349
1500778368.3602538,667,0.4882509708404541
1500778368.5008729,668,0.4905523359775543
1500778368.5946257,669,0.49388325214385986
1500778368.7040002,670,0.4934593439102173
1500778368.8133795,671,0.49121853709220886
1500778368.922749,672,0.4922480881214142
1500778369.0164998,673,0.49382269382476807
1500778369.125877,674,0.4919452667236328
1500778369.2196317,675,0.4919452965259552
1500778369.344625,676,0.49152132868766785
1500778369.4539995,677,0.49164244532585144
1500778369.5633757,678,0.4905523359775543
1500778369.6883771,679,0.48752421140670776
1500778369.7821255,680,0.4869791865348816
1500778369.8915002,681,0.48649469017982483
1500778370.0008757,682,0.4883115291595459
1500778370.110251,683,0.48903828859329224
1500778370.2203484,684,0.49140021204948425
1500778370.3297205,685,0.4946099817752838
1500778370.4391005,686,0.49788033962249756
1500778370.564095,687,0.49788033962249756
1500778370.6734703,688,0.49660855531692505
1500778370.7672205,689,0.4958817958831787
1500778370.8765962,690,0.494670569896698
1500778370.9703457,691,0.4906128942966461
1500778371.0797272,692,0.4907945990562439
1500778371.2047212,693,0.4904917776584625
1500778371.2984767,694,0.49279311299324036
1500778371.4234712,695,0.4922480881214142
1500778371.5172231,696,0.49672967195510864
1500778371.6265965,697,0.49939438700675964
1500778371.7359786,698,0.500302791595459
1500778371.8609715,699,0.5013929605484009
1500778371.9703472,700,0.5013324022293091
1500778372.0797231,701,0.5011507272720337
1500778372.1891026,702,0.5021802186965942
1500778372.2984738,703,0.5017563104629517
1500778372.4078534,704,0.5003634095191956
1500778372.5015984,705,0.4987282156944275
1500778372.610977,706,0.49430719017982483
1500778372.7047293,707,0.4909762740135193
1500778372.814098,708,0.4894622266292572
1500778372.9234798,709,0.4920058250427246
1500778373.0328486,710,0.4960029423236847
1500778373.126599,711,0.49660852551460266
1500778373.2516036,712,0.4971536099910736
1500778373.360974,713,0.49800148606300354
1500778373.4547315,714,0.49654799699783325
1500778373.5641,715,0.49533674120903015
1500778373.6734746,716,0.49521562457084656
1500778373.767225,717,0.49794092774391174
1500778373.8765998,718,0.49788033962249756
1500778373.9859753,719,0.4975169897079468
1500778374.09535,720,0.4975775480270386
1500778374.204732,721,0.4972747266292572
1500778374.314101,722,0.4989704489707947
1500778374.423476,723,0.4987282156944275
1500778374.5328507,724,0.4975775480270386
1500778374.642226,725,0.4956395626068115
1500778374.7359767,726,0.49660855531692505
1500778374.860975,727,0.4995760917663574
1500778374.970352,728,0.5007267594337463
1500778375.0797267,729,0.5012112855911255
1500778375.174207,730,0.5033309459686279
1500778375.2835815,731,0.5061773657798767
1500778375.4085822,732,0.5066618323326111
1500778375.5179594,733,0.5066618323326111
1500778375.6273322,734,0.5070857405662537
1500778375.752331,735,0.5088420510292053
1500778375.8773348,736,0.5088420510292053
1500778375.9710834,737,0.5084787011146545
1500778376.0804582,738,0.508357584476471
1500778376.2054582,739,0.5081759095191956
1500778376.2992136,740,0.5084181427955627
1500778376.4085817,741,0.5056928396224976
1500778376.5335839,742,0.504421055316925
1500778376.642959,743,0.5032098293304443
1500778376.7367158,744,0.5016957521438599
1500778376.8460848,745,0.5007873177528381
1500778376.9398398,746,0.5018168687820435
1500778377.0492144,747,0.5004845261573792
1500778377.1585896,748,0.502785861492157
1500778377.2835834,749,0.5036337375640869
1500778377.3773348,750,0.5024225115776062
1500778377.502335,751,0.5000605583190918
1500778377.5960855,752,0.5013324022293091
1500778377.7054596,753,0.5012718439102173
1500778377.8148417,754,0.5026041865348816
1500778377.9242134,755,0.5041788220405579
1500778378.0335853,756,0.5053900480270386
1500778378.1429603,757,0.5039365887641907
1500778378.236713,758,0.5008478760719299
1500778378.3460922,759,0.4995155334472656
1500778378.4398377,760,0.4996366500854492
1500778378.5492172,761,0.5004845261573792
1500778378.6429665,762,0.5012718439102173
1500778378.7523358,763,0.5036337375640869
1500778378.8773417,764,0.509750485420227
1500778378.9710941,765,0.510840654373169
1500778379.0804627,766,0.513384222984314
1500778379.174215,767,0.5162912011146545
1500778379.2835932,768,0.5169574022293091
1500778379.408587,769,0.515019416809082
1500778379.5023384,770,0.5139898657798767
1500778379.6117125,771,0.5125969052314758
1500778379.7210877,772,0.5116279721260071
1500778379.814844,773,0.5094476938247681
1500778379.9242136,774,0.5067223906517029
1500778380.0335877,775,0.5037548542022705
1500778380.1437535,776,0.5029069781303406
1500778380.235281,777,0.5060561895370483
1500778380.3446555,778,0.509992778301239
1500778380.4384065,779,0.5120518207550049
1500778380.5634058,780,0.5148983001708984
1500778380.6571572,781,0.5190165042877197
1500778380.7665315,782,0.5175024271011353
1500778380.8602872,783,0.515927791595459
1500778380.9852805,784,0.5138687491416931
1500778381.0790377,785,0.5142926573753357
1500778381.1884062,786,0.5144743323326111
1500778381.2977831,787,0.5144137740135193
1500778381.3915317,788,0.5141109824180603
1500778381.5009074,789,0.5155038833618164
1500778381.5946627,790,0.5175024271011353
1500778381.7040331,791,0.5176841020584106
1500778381.8134072,792,0.5147165656089783
1500778381.9071574,793,0.5135053396224976
1500778382.0165408,794,0.5132631063461304
1500778382.1259124,795,0.5132025480270386
1500778382.2196603,796,0.5126574635505676
1500778382.344658,797,0.5131419897079468
1500778382.4540393,798,0.5114462375640869
1500778382.5634105,799,0.510901153087616
1500778382.6571589,800,0.5119912624359131
1500778382.7665343,801,0.5121124386787415
1500778382.8602836,802,0.5119913220405579
1500778382.9696584,803,0.5127180218696594
1500778383.0790396,804,0.5128997564315796
1500778383.1727846,805,0.5121729969978333
1500778383.2821603,806,0.5113251209259033
1500778383.3759131,807,0.5116884708404541
1500778383.4852843,808,0.5118702054023743
1500778383.6415346,809,0.5076308250427246
1500778383.7352915,810,0.5069040656089783
1500778383.8446612,811,0.5064801573753357
1500778383.9540343,812,0.505874514579773
1500778384.0790343,813,0.5054506063461304
1500778384.1884112,814,0.5085998177528381
1500778384.3134162,815,0.5122941136360168
1500778384.4227865,816,0.5159278512001038
1500778384.547786,817,0.5157461166381836
1500778384.641536,818,0.5175630450248718
1500778384.750911,819,0.5176236033439636
1500778384.8602867,820,0.5150799751281738
1500778384.9852867,821,0.5170785188674927
1500778385.079037,822,0.516170084476471
1500778385.1899624,823,0.5166545510292053
1500778385.2837133,824,0.5155644416809082
1500778385.3930867,825,0.5138686895370483
1500778385.4868388,826,0.517805278301239
1500778385.6118371,827,0.5199249386787415
1500778385.7055871,828,0.5213783979415894
1500778385.814962,829,0.522529125213623
1500778385.9087124,830,0.5236192345619202
1500778386.0493379,831,0.5218629240989685
1500778386.1430936,832,0.521499514579773
1500778386.252463,833,0.5170179605484009
1500778386.3618386,834,0.5168362855911255
1500778386.4712129,835,0.5175024271011353
1500778386.5805893,836,0.5178658366203308
1500778386.689966,837,0.5195615291595459
1500778386.7993455,838,0.5199249386787415
1500778386.9243386,839,0.5207122564315796
1500778387.01809,840,0.5252543687820435
1500778387.1430886,841,0.5275557637214661
1500778387.2524638,842,0.5264050364494324
1500778387.3462172,843,0.5274345874786377
1500778387.4555912,844,0.5268895626068115
1500778387.564964,845,0.5230135917663574
1500778387.6899657,846,0.520348846912384
1500778387.7993422,847,0.5219840407371521
1500778387.9087193,848,0.5209544897079468
1500778388.0337148,849,0.5191376209259033
1500778388.1274655,850,0.5190770626068115
1500778388.2368412,851,0.5190770626068115
1500778388.346216,852,0.5196826457977295
1500778388.455592,853,0.5220445990562439
1500778388.5649672,854,0.5245276093482971
1500778388.6743414,855,0.5247699022293091
1500778388.7993412,856,0.5267684459686279
1500778388.8930972,857,0.5276162624359131
1500778389.002466,858,0.5270106792449951
1500778389.0962174,859,0.5262839198112488
1500778389.2212167,860,0.5274346470832825
1500778389.3149674,861,0.5268895626068115
1500778389.4243445,862,0.5237403512001038
1500778389.5337172,863,0.526465654373169
1500778389.6274717,864,0.5283430218696594
1500778389.7368424,865,0.5316134095191956
1500778389.8462179,866,0.5326429605484009
1500778389.9399674,867,0.5339753031730652
1500778390.049347,868,0.5320373177528381
1500778390.1752234,869,0.5299782156944275
1500778390.2845979,870,0.5256783366203308
1500778390.3939734,871,0.5224079489707947
1500778390.4877253,872,0.5226502418518066
1500778390.597099,873,0.5234375
1500778390.690854,874,0.5254966616630554
1500778390.8158484,875,0.5301598906517029
1500778390.9095984,876,0.5313711762428284
1500778391.0189805,877,0.5310683250427246
1500778391.1127264,878,0.5290697813034058
1500778391.2220998,879,0.523982584476471
1500778391.3314774,880,0.5227108001708984
1500778391.4408493,881,0.523982584476471
1500778391.5345998,882,0.5253149271011353
1500778391.6596005,883,0.527858555316925
1500778391.768975,884,0.5289486646652222
1500778391.8627253,885,0.5313106179237366
1500778391.9877315,886,0.5297965407371521
1500778392.0971005,887,0.5273135304450989
1500778392.190851,888,0.5242248177528381
1500778392.331476,889,0.5254360437393188
1500778392.4252272,890,0.5264655947685242
1500778392.5346017,891,0.5254361033439636
1500778392.6439822,892,0.5251332521438599
1500778392.7846014,893,0.5275557637214661
1500778392.878354,894,0.5270106792449951
1500778393.0033522,895,0.5289486646652222
1500778393.0971026,896,0.5277373790740967
1500778393.2064779,897,0.530644416809082
1500778393.3158534,898,0.5327035188674927
1500778393.4252307,899,0.5344598293304443
1500778393.5346024,900,0.5339147448539734
1500778393.6439776,901,0.5342175364494324
1500778393.737728,902,0.5327035188674927
1500778393.8627279,903,0.5313711762428284
1500778393.9564788,904,0.5307655334472656
1500778394.0658538,905,0.5296148657798767
1500778394.1596096,906,0.5311288833618164
1500778394.2689846,907,0.5321584343910217
1500778394.378354,908,0.5338541865348816
1500778394.4877286,909,0.5358527302742004
1500778394.5814848,910,0.5357316136360168
1500778394.6908553,911,0.537124514579773
1500778394.7846048,912,0.5344598293304443
1500778394.8939826,913,0.533430278301239
1500778395.003356,914,0.5319162011146545
1500778395.1283548,915,0.5328246355056763
1500778395.2240145,916,0.5345203876495361
1500778395.333389,917,0.5349442958831787
1500778395.4271383,918,0.5377907156944275
1500778395.5365124,919,0.5368822813034058
1500778395.6302688,920,0.5358527302742004
1500778395.7396379,921,0.5347626209259033
1500778395.8490124,922,0.5354288220405579
1500778395.9583864,923,0.5373668074607849
1500778396.067763,924,0.5382752418518066
1500778396.177139,925,0.5371851325035095
1500778396.2708886,926,0.537124514579773
1500778396.3958883,927,0.5358527302742004
1500778396.4896452,928,0.5351260304450989
1500778396.5990222,929,0.5338541865348816
1500778396.6927679,930,0.5343387126922607
1500778396.802139,931,0.5350048542022705
1500778396.89589,932,0.5374273657798767
1500778397.0208895,933,0.5388808250427246
1500778397.1302643,934,0.5421512126922607
1500778397.2240179,935,0.5395470261573792
1500778397.3333898,936,0.5386991500854492
1500778397.4427671,937,0.5375484824180603
1500778397.5521426,938,0.535973846912384
1500778397.6458938,939,0.5342175364494324
1500778397.7552667,940,0.5334302186965942
1500778397.8646464,941,0.5321584343910217
1500778397.958391,942,0.5319162011146545
1500778398.0833902,943,0.533430278301239
1500778398.2083905,944,0.5343992710113525
1500778398.3021445,945,0.5349442958831787
1500778398.411517,946,0.5382752418518066
1500778398.5208945,947,0.5390019416809082
1500778398.6302683,948,0.5382146835327148
1500778398.7396424,949,0.5356104969978333
1500778398.8490167,950,0.5325824022293091
1500778398.9583976,951,0.5344598293304443
1500778399.0833974,952,0.5353077054023743
1500778399.1927679,953,0.5368822813034058
1500778399.3021412,954,0.538456916809082
1500778399.4115176,955,0.5407582521438599
1500778399.5208929,956,0.5431202054023743
1500778399.614643,957,0.544089138507843
1500778399.7240183,958,0.544634222984314
1500778399.8333948,959,0.5445736646652222
1500778399.9427757,960,0.5438469648361206
1500778400.0521443,961,0.543483555316925
1500778400.1955643,962,0.5414244532585144
1500778400.2893162,963,0.5391230583190918
1500778400.3986895,964,0.5385174751281738
1500778400.5080657,965,0.5355499386787415
1500778400.61744,966,0.5347626209259033
1500778400.7424407,967,0.5354893803596497
1500778400.851815,968,0.5389414429664612
1500778400.961191,969,0.5422117710113525
1500778401.0705647,970,0.5397287011146545
1500778401.1799405,971,0.539304792881012
1500778401.2893147,972,0.5388808846473694
1500778401.3986914,973,0.5380330085754395
1500778401.5080664,974,0.5386991500854492
1500778401.6174464,975,0.5390019416809082
1500778401.7268162,976,0.5392442345619202
1500778401.8205662,977,0.5391836762428284
1500778401.9299424,978,0.5397287011146545
1500778402.023693,979,0.5420300364494324
1500778402.1330678,980,0.5425145626068115
1500778402.2268171,981,0.5448158979415894
1500778402.3361955,982,0.546875
1500778402.4455678,983,0.5476623177528381
1500778402.5705688,984,0.549055278301239
1500778402.6955676,985,0.5512354969978333
1500778402.804943,986,0.5519016981124878
1500778402.898699,987,0.5514777302742004
1500778403.0080683,988,0.5517805814743042
1500778403.11745,989,0.5526890158653259
1500778403.2268188,990,0.5503270626068115
1500778403.3518186,991,0.549903154373169
1500778403.4455717,992,0.5501453876495361
1500778403.5549443,993,0.5540213584899902
1500778403.6643188,994,0.556867778301239
1500778403.7736964,995,0.5547481179237366
1500778403.8830698,996,0.5531734824180603
1500778403.9768214,997,0.5509326457977295
1500778404.0862012,998,0.5513566136360168
1500778404.1955705,999,0.5517805218696594
